0 5410
5430 8900
8900 9280
9280 12150
12150 16590
16880 19170
19170 20070
20070 22550
22550 23700
23700 25210
25210 31680
32250 33030
33030 36040
36040 38150
38150 39990
40190 42280
42500 43810
43790 45590
45590 48540
48540 52350
52350 53830
54030 56000
56000 57810
57820 58210
58700 61910
62020 63900
63900 68070
68210 68890
68920 69960
70080 71430
71430 73250
73250 74920
75130 80039
80039 81310
81330 83910
83910 86850
86850 88490
88490 90810
90810 94910
94910 95750
95750 96970
97550 103890
103890 106930
106930 108330
108330 109470
109470 110970
111250 114610
114610 118350
118350 119479
119479 121730
121740 124830
124830 127670
128020 131140
131140 132400
132620 137880
138170 139040
139050 140329
140329 142560
143000 147680
147690 148290
148290 149220
149220 150320
150360 151550
151560 154240
154750 155710
155710 157050
157540 158540
158540 159710
159880 160950
161160 166329
166520 169840
170190 174060
174060 176730
176900 178600
178600 179840
180560 183050
183060 186300
186300 186710
186710 189620
189620 191620
191620 193190
193220 195300
195300 198190
198190 199850
199850 201050
201050 205880
206810 208770
208770 212320
212370 214130
214130 215450
215450 216570
216570 218120
218170 218800
218810 219810
219920 223800
223800 226150
226150 230610
230610 232070
232070 234640
234640 236040
236320 239840
240000 243630
243630 245870
245880 247560
247560 251680
251680 255760
255760 257600
257600 259800
259800 261920
261920 266800
266960 270820
270820 272659
272690 274370
274530 276370
276370 283890
283890 290470
290470 290850
291060 295670
295670 296220
296220 297670
297700 298360
298360 304880
304880 306920
306920 309570
309620 310330
310330 312000
