70 4250
4250 4860
4860 6750
6750 8570
8590 13720
13950 18720
18720 23160
23880 28750
29420 36840
37020 40840
40840 42760
42760 44220
44220 46840
47640 49780
49780 51160
51500 53380
53380 55380
55380 57940
57940 61460
61460 61910
62060 63720
64019 67250
67250 68670
69340 73539
73539 78310
78620 81460
81460 83090
83420 84330
84340 86270
86500 87730
87740 88980
88980 91250
92020 95610
95610 98890
98890 102470
102810 105090
105090 106360
106710 108330
109009 110490
110490 113039
113289 115289
115530 119070
119390 120340
120430 122370
122370 124940
124940 127420
127420 130400
130400 131270
131270 134200
134440 135310
135360 139270
139280 140780
140780 143520
143520 144300
144329 145510
146210 147890
147890 150970
152090 157690
159130 166010
166460 171190
171190 176670
176670 183100
183100 183890
183890 187140
187220 190930
190930 199210
200170 203670
204380 208910
209050 216970
217650 226600
226930 230570
230610 232390
233210 237720
238250 239640
239640 244180
244640 246190
246560 251520
251520 253480
254120 255530
256250 257800
257970 259490
259490 261720
261730 263790
263790 266530
266530 267570
267600 271120
271360 271640
271640 273400
273400 276400
276400 277330
277330 279850
279850 280600
280610 284210
284610 290170
291360 293450
293520 298670
298670 299570
299570 299830
