0 2810
3320 5790
6250 8750
9790 12090
12310 16320
16520 17840
18250 22000
22160 23030
23290 26720
27720 30720
30990 33000
33210 35710
36910 39980
39980 46040
47890 53320
55190 56770
56770 62750
62750 65970
65970 71130
71130 71830
71830 77910
77910 80830
80830 86580
86789 89210
89770 99590
99590 106810
106810 108960
109280 113910
113910 118150
118150 119979
120200 123920
123920 129240
129440 133640
133800 140850
140850 143360
143360 146290
146720 149760
149760 155850
155850 159210
159210 166710
166710 169980
169980 173440
174040 178710
178950 180800
181430 182250
182410 186530
186690 188040
188570 190750
191110 192160
192390 194520
194730 197360
198030 200240
200640 201720
201910 205000
