250 8410
8410 13150
13150 14060
14060 18710
18970 21760
22660 25040
25720 27210
27340 29190
30060 34980
34980 36540
38140 46160
46920 49940
49980 51320
51760 54670
54860 57430
57490 59610
60320 63140
64670 65560
66040 71230
71720 74980
75480 80600
81530 84580
85020 88590
89500 93710
94300 99289
99970 103700
104560 109479
110020 113250
113250 119380
120620 124550
125700 129240
129729 139290
139420 141550
141550 144220
144220 148740
149240 152460
152680 156010
156880 158820
159000 161910
162250 164350
165230 169390
170829 176180
177780 182640
183420 186740
186970 189310
189800 197650
199440 200890
201680 203110
203110 205090
205570 214870
215300 221170
221410 228900
230360 241850
241850 247170
247510 249360
250100 252690
253290 257000
