130 1740
1740 3690
3690 4490
4490 6740
6740 8660
8660 11610
11620 13360
13360 15360
15360 17180
17180 18630
18630 20070
20070 22380
22380 26750
27000 32110
32119 34150
34480 37490
37490 39960
40160 42730
42730 44930
44930 47240
47470 52730
53040 54340
54340 58550
58560 62980
63000 64280
64280 65900
66000 70520
70520 72680
72680 74110
74230 75800
75800 77340
77340 77890
78150 79830
79830 80860
80870 82020
82030 83140
83140 86500
86500 88400
88400 89090
89090 90400
90400 90789
90789 94130
94270 96960
96960 102420
102420 104870
104870 107000
107050 110340
110340 115430
115810 118500
118509 120350
120350 122040
122040 123310
123310 127630
127630 129880
129910 131920
132030 135350
135350 137170
137750 139510
139510 141400
141400 143280
143470 145470
145470 148670
149030 150790
150790 154370
154370 157060
157090 160400
160690 162460
162490 165890
165890 168210
168570 171740
171770 177120
177120 180510
180510 181630
181630 182390
182390 185020
185020 186590
186590 189360
189390 191640
191950 192930
193240 196350
196360 197810
197920 199880
199880 200520
200520 201990
201990 203920
203920 204860
