200 3370
3880 9970
11120 15190
15730 22260
23370 32600
33130 36360
37010 42010
42250 45050
45250 47420
47420 48580
49330 53240
54530 57980
57980 61830
62200 65000
66150 74180
75170 78380
78380 83000
83570 88080
88450 92960
93450 97970
98410 104770
106060 108970
109180 111310
111310 114130
114500 119530
119740 122100
122100 126850
126850 132830
134920 137530
137530 138530
139040 141860
143290 145870
145870 150290
150470 156780
156780 162840
162840 165480
166050 170490
171590 176370
178260 180830
180830 186720
186720 190970
191400 197260
197370 204150
204890 207050
207050 208320
208800 210040
210930 212320
212570 214520
214520 217530
217970 219329
219610 223730
223850 227280
228990 231720
231720 239130
240570 242800
243290 245720
246890 249650
249650 251000
251800 253270
253440 255090
255670 257589
259160 265160
265570 268870
269170 273650
275130 276670
277430 280280
281090 284110
285320 288320
288480 292250
293010 294990
296040 301750
302240 306160
306920 311000
