150 2440
2440 4240
4580 7900
7900 12130
12130 13450
13640 16250
16250 17960
17960 24270
24270 29470
29470 32479
32479 36500
36500 44190
44190 50580
50580 53640
53640 57520
57520 59550
59800 62070
62080 67270
67270 68240
68240 71190
71190 72700
72910 77270
77410 81030
81030 83940
83940 88710
88920 93509
93770 99310
99570 104910
105060 115720
115729 122360
122360 125540
125810 128770
128770 131290
131290 134370
134370 136690
136690 140210
140210 145370
149079 151560
151560 153650
153720 163450
163480 169490
169520 170480
170680 171680
171680 180500
181050 184520
184520 188970
189510 192180
192180 194160
194790 199470
199470 205240
205250 209079
209130 214660
214850 218060
218460 225060
225060 232000
232470 236660
236690 242220
242530 250310
250840 256750
257230 259990
259990 261200
261510 263640
