1160 6790
7230 8640
8640 10860
10860 14660
14660 17960
18310 22170
22960 25390
25520 29350
29670 35540
35550 37940
37940 43650
43960 50680
50800 54610
54960 63230
63240 68270
68400 75920
76470 80230
80230 83190
83190 86840
87120 89850
89850 96860
96860 98330
98520 100910
101259 105940
105940 108830
108960 111460
111460 115350
115490 125290
125960 128330
128560 134610
135000 137400
137640 142970
143040 144579
144800 152200
152200 157130
157130 163560
163880 166050
166079 171450
171600 177079
177480 182110
182280 183690
183690 189350
189470 193040
193190 198990
199310 203800
204120 207440
207720 209760
209760 213660
