60 2980
2980 6180
6180 8450
8820 13020
13020 17430
18120 19980
20070 24980
24980 26670
26670 31130
31520 33940
34030 36220
36220 42160
42160 45830
45880 49560
49560 52430
52430 53260
53260 59090
59390 62520
62550 66030
66030 68830
68830 71360
71590 74350
74350 81160
81470 81920
81920 83880
83880 86870
87510 91720
91830 93270
93270 96759
96759 99509
99820 101220
101220 102870
103340 105420
105420 107259
107259 111460
111460 113380
113380 116690
116690 118180
118180 120950
121110 127310
127310 129729
129759 130289
130289 131550
131550 136610
136610 137040
137050 138329
138329 140240
140570 144200
144440 148440
148440 149570
149920 150090
150090 151920
152050 154730
154730 156000
156210 158430
158690 158880
158880 164560
164560 166340
166340 167220
167220 169680
169860 170860
170860 175090
175300 177020
177020 179620
179620 180890
181270 181980
181990 185310
185310 187710
187710 189500
189500 191100
191110 192890
193120 198630
198630 202890
203310 206110
206110 209290
209290 212240
212490 212870
212870 216710
216930 218130
218130 222870
223160 226840
227240 230160
230160 233240
233360 233790
234079 235310
235310 239650
239650 242360
242480 245760
246160 251110
251110 254590
254590 256360
256709 259790
259790 262370
262790 263310
263310 264230
264230 266710
266710 268070
268070 270660
270660 274170
274170 277370
277370 279580
279580 283230
283450 285130
285130 288200
288200 289810
289840 291920
291920 293520
293840 297890
