700 2520
2740 3940
3940 8580
8980 10400
10580 11520
11960 16160
16540 23140
23670 25440
26390 28920
29070 32070
32790 36050
36780 38970
39420 43000
43790 44840
45500 46910
47100 51700
52070 55230
55230 58030
58030 61990
61990 63990
64129 66400
66970 68010
68010 71520
72450 73920
74410 77480
77490 79690
80810 84480
84730 85390
85570 89360
89810 92590
93020 94039
94539 95380
95380 96220
96220 98229
99460 101270
101539 102789
102789 103900
104590 105630
106539 109300
109870 112190
112190 114259
114610 115930
115930 117780
117780 119430
119650 121790
122210 123690
124050 126910
127230 128310
128870 130479
130710 131700
131710 135470
135750 137790
137790 138680
138790 140270
140440 142750
142960 145880
145880 148170
148400 149430
149840 151550
151920 153490
154590 155090
155500 156950
157270 157990
158630 160950
160950 163960
163960 168000
168150 169360
169790 170750
170970 172810
172810 174610
174610 179150
179150 183370
183370 184030
184030 185430
185570 186170
186170 189640
190200 191730
192400 194890
195920 197710
197710 198530
199160 200040
200760 203030
203030 204010
204240 205350
205350 207360
207360 208570
208570 209410
210100 212990
213100 215170
215579 217780
217780 218650
219280 221320
221640 224290
224320 228270
228400 230980
231190 232810
233110 236010
236510 237980
237980 239350
239890 243380
244550 245450
245450 250780
251750 253060
253710 256070
256329 257760
258010 259560
260130 261079
261690 262830
263930 267160
267170 270530
270700 271350
271780 273100
273100 274240
274500 275200
275980 278390
278390 280500
280500 283460
283460 286870
286900 289460
290550 293320
293320 293960
294630 297350
297350 298200
298670 299920
299920 300840
