120 1110
1770 3450
3750 4710
4710 7270
7270 8170
8710 10960
11480 14770
15520 21000
21120 23680
23680 25350
25750 27480
27480 31000
31000 32479
32759 33640
33640 34920
34920 38600
38600 39920
39920 41900
41900 44050
44540 47130
47620 50650
50650 51180
52030 54430
54430 56290
56790 59270
59270 62280
62280 62750
62760 64970
65330 68640
68640 70860
70860 72660
72660 74200
74230 75630
75950 79470
79470 81990
82190 84550
84550 86710
87230 88700
89050 89440
89440 91880
91880 95890
95890 98860
98890 100700
100700 101560
101560 103289
103300 104320
104320 105900
105900 108610
108620 110080
110080 110950
111220 112160
112160 114830
114840 116090
116090 116650
116920 118490
118490 120170
120960 124980
125760 127040
127040 127880
127880 130289
130690 132680
133430 134120
134240 134870
135410 137930
138530 140750
140750 141810
142390 142900
142950 145400
145990 148010
148010 150590
151110 153920
153920 155910
156090 156860
156890 158460
158460 160260
160290 162290
162290 163600
164170 166350
166530 168890
169140 171590
171980 174750
174780 176230
176260 178230
178230 179600
180360 181080
181080 185190
185200 186720
186720 187390
187470 188100
188100 190010
190360 192110
192440 193730
194700 198790
198790 199760
200180 201670
201980 203780
203780 205329
205340 207450
207460 208320
208540 210079
210079 212780
212780 214670
215070 217670
217670 219470
219710 220890
220890 222110
222550 224560
224750 227790
227790 231810
231810 234690
234690 239390
239970 242660
242660 244070
244660 247810
248820 249970
249980 252630
253900 255450
255810 258440
258490 260589
261170 262130
262130 263050
263050 267170
267170 268840
269050 272500
272500 277770
