760 5550
5550 8890
8910 14120
14390 21430
21760 27910
27910 29250
29260 32530
32530 34860
35000 39960
39960 43040
43040 50200
50530 60550
60830 63780
63780 66650
67040 71670
71960 74590
74600 75380
75380 79360
79510 87840
87840 91360
91770 96380
96400 99670
99670 109229
109229 118400
118600 127780
127780 131320
131620 138940
138940 141090
141410 146660
146660 149430
149680 150380
150380 153450
153900 158020
158040 161890
161890 171220
171440 173180
173329 179690
179850 182490
182650 189470
189470 194200
194200 205450
205910 213100
213530 222329
222329 227360
227510 231810
231810 233530
233690 241970
242120 244530
244710 249610
249610 251820
251870 252480
252790 257170
257170 259610
260870 264120
269710 271800
271800 276440
276730 277950
278120 280270
280400 285400
285400 289560
289560 291960
291960 293970
294120 297150
297150 314030
314200 318370
318640 322190
