620 2710
3190 4390
4790 10000
11350 15920
16170 17850
18390 19200
19720 20610
20970 22030
22350 27400
27590 28910
29040 31640
33630 38350
38350 40390
40390 41790
42520 45830
46030 48160
48440 49850
50290 51330
51730 52670
53750 56210
56560 58900
59030 59850
60230 62170
62630 66490
66490 68410
68690 69430
69770 71289
72770 77030
77640 83880
84730 85200
85870 88830
89330 91350
91560 93800
93800 96720
97210 99160
99800 101910
102170 103660
104330 108300
108770 117400
118130 122530
123010 125090
125370 126750
127280 128039
128370 129910
130610 131660
131660 132540
132570 136510
136920 139510
139890 143170
144910 146440
147590 152520
153290 153870
154890 161600
162420 163740
163880 165740
165880 167120
169310 169920
170640 171070
171670 172630
173230 174560
174980 175829
175829 176670
177010 180320
180640 183640
183770 184760
185400 188870
189130 189850
190320 193870
194700 197329
198010 202910
203290 204680
205370 207890
208170 209420
209420 211930
212310 213240
213570 225510
225930 228829
229610 230840
231210 233920
234430 237140
237140 240310
240810 243650
244050 245750
246210 247740
247770 250400
251140 253640
257360 262960
264100 265190
266160 269450
270190 271720
272190 273170
273570 274960
276000 276659
276770 277570
278150 282880
284090 285770
286150 287680
288200 289880
290750 293710
294290 295550
