0 1380
1380 3850
4620 5840
5840 8860
11980 15080
15200 23170
23170 24080
24080 25220
25730 27330
27490 45050
45050 46640
47120 47880
47880 49320
50360 50880
53840 55130
56960 63350
64010 66430
66880 68280
68640 71410
72120 74200
77440 80080
80080 81310
81360 85039
85039 88220
88220 89090
90680 93509
93560 101900
103080 103520
104200 105070
114479 115830
115880 130100
130360 133250
145570 149110
149260 154550
154820 157210
157210 160000
174690 176200
179170 179650
180570 182100
183040 183610
189720 191910
192960 193890
195640 197170
197820 204200
207320 207829
209700 213190
213579 214720
216540 217260
217260 219610
224310 224670
227670 228220
228220 229980
231829 235960
235970 237630
237890 239230
239230 240480
241610 244430
244950 245230
245230 250540
250550 252300
252310 255340
255340 259000
259000 264210
264600 265640
266550 267240
267240 269570
269710 270250
270920 273120
273120 274070
276120 278470
278470 280060
280430 283080
283190 284790
284909 285830
285830 287610
287790 288560
288710 289620
289620 293060
293090 294250
294250 294860
295510 297159
297310 300890
301030 303250
303410 306330
306330 308070
308250 309450
309450 311010
311250 312780
313330 315140
315140 316940
317610 318310
318450 321560
