50 3230
3650 4300
4300 10400
10730 17200
17530 24110
24530 28000
28010 31350
31810 36670
36670 38070
38500 40930
40930 45680
46220 48020
48020 53940
53960 63630
63790 68590
68590 71780
71780 78090
78440 83870
85160 87360
88200 93729
93880 96410
96640 100410
100800 104270
104280 109070
109440 114070
114070 114870
115070 116880
116880 117979
118310 121230
122130 123000
125510 128300
128300 134500
134500 137130
137140 138770
139020 144540
144540 148520
148660 153150
153329 157000
157570 165890
166050 169970
169970 172440
172579 177280
177280 180560
180560 190520
190520 193160
193360 195880
