0 4580
4920 8280
8280 11810
12170 13400
13170 19440
19610 24200
24370 31800
31270 35730
35730 44270
44270 46950
47130 47830
47830 53770
53930 57450
57450 61440
61600 66120
66240 67440
67690 69869
70100 75250
75490 78610
78610 79570
79570 81689
81770 82160
82210 88400
88170 95100
95170 97160
97160 101300
101530 103840
103970 109880
110130 110900
110900 112880
113100 118600
118729 119900
119900 121280
121280 125890
125890 129600
129210 135120
135250 140160
140450 145460
145610 156730
157100 163600
163800 169780
169960 172560
172680 182380
183580 184130
184300 187720
188100 191100
191300 192650
192660 195800
195800 199460
199920 207700
207700 208880
208990 213120
213329 218590
218590 220690
220910 222700
222700 225940
225950 229100
229100 232130
232350 239600
239240 249000
249160 257320
