880 7960
8600 9630
10080 11000
11730 16390
16970 18530
19850 21550
22290 24970
25520 27570
28660 30790
31820 34370
35460 39530
40200 41390
42040 45240
45520 46370
47610 48360
48360 50750
51200 52550
52840 56240
56240 58270
58600 60210
60480 61330
61520 63530
63630 64430
66080 66800
67830 72240
72510 73870
74680 77930
78039 78750
79610 82450
82720 85970
86240 90950
91440 92450
93350 94310
94430 98960
99229 100670
100670 102740
102789 105380
105630 110550
110550 111880
111880 115090
116509 117430
117430 118720
119190 121160
121390 123630
124190 130229
130729 133140
134090 137930
138170 141340
141630 143920
144360 149210
149550 152720
153190 158970
159600 161890
162400 164550
164680 169360
170710 171350
171630 176410
176630 181510
182170 185850
186010 187350
187600 196040
196360 197650
198300 206210
207160 210480
210730 211910
212720 216770
217410 219770
221070 222610
222910 225710
226590 228710
229710 230660
231100 233460
233460 234740
234740 236770
237060 237700
237700 238860
238860 241610
242070 245600
246640 247730
247870 249350
249670 250950
251320 257480
257899 260029
260820 262570
263220 270150
271520 277810
278280 285909
286280 287000
