170 1900
1900 7670
7810 9810
9810 13050
13050 15070
15290 16930
16930 20520
21050 22010
22010 27370
27370 30290
30290 33730
33850 36770
36770 39330
39610 43670
43670 47030
47030 49980
50310 54930
54930 63010
63010 66430
66430 70610
70800 74050
74080 76900
76900 78470
78500 80100
80100 83070
83180 87690
87860 90440
90630 93229
93229 98360
98670 100690
100830 109830
109830 112180
112590 115190
115190 118030
118310 122550
122550 123410
123800 127080
127080 132770
132880 135520
135640 136840
136870 138510
138510 142329
142510 147590
147590 150450
150450 151240
151250 155370
155370 157530
157530 159670
159850 161690
161690 164880
165000 166000
166000 167120
167120 167870
168040 169079
169079 171680
171800 174520
174520 176400
176400 177440
177440 181640
181640 182640
182640 183360
183560 184670
184920 190680
191160 196079
196079 198090
198320 202720
203040 204920
204920 208990
209150 212760
212760 213829
213840 215460
215460 216780
216780 217850
218040 219660
219660 221270
221380 223980
223980 226890
227200 231840
231840 234480
234480 238380
238380 242590
242760 245550
245560 247510
247680 250240
250240 251200
251200 254080
254320 258320
258560 261050
261290 267170
267360 272480
272480 277190
277190 279070
279270 284850
284850 286790
286790 292640
292680 294570
294840 296550
296550 297560
297560 300560
300600 304440
304440 305940
305940 309800
309800 314550
314580 315770
