280 1040
1080 3400
3400 5280
5280 7500
7500 9040
9120 11290
11520 13030
13030 17690
17720 20720
20720 21400
21530 23480
23530 26590
26590 28760
28900 31890
31900 33570
33820 39720
39850 43090
43090 45450
45450 47280
47280 48260
48450 51910
51910 56620
56620 59860
59860 62150
62150 64440
64590 65880
66110 68320
68320 71680
71710 72910
72910 74270
74270 79039
79150 79880
80280 81150
81510 90820
90820 93000
93259 94990
94990 95900
95900 102590
102590 106840
107050 107720
107720 108910
109120 114120
114250 119789
119960 123100
123100 123840
123840 124740
125010 125620
125620 126060
126410 138900
139090 145120
145120 146940
146940 148980
149210 150410
150410 151400
151400 153060
153090 155610
155770 157380
157610 159100
159100 161140
161140 163810
163810 166900
167050 168740
168850 169790
169790 171730
171800 174450
174450 174850
175040 175530
175680 182290
182320 183990
184080 184910
184910 185910
185960 186470
186640 187070
187280 190150
190240 195030
195160 197630
197680 202850
202960 203570
203760 204920
204920 206050
206240 214090
214090 216100
216280 221390
221400 223910
223920 227890
227890 230050
230050 234770
234770 239950
240540 241000
241340 245470
245500 249540
249540 249710
249900 251500
251500 252860
252860 259980
259980 264640
264640 269040
269040 270970
271040 273680
273680 278190
278190 280620
280750 286900
286950 293290
293440 295920
295920 299250
299360 302840
302840 306240
306240 307850
307850 314090
314390 320770
320840 322540
