350 3990
4430 6580
7050 12330
12330 17900
18230 21310
21640 27510
28020 30580
31140 36260
36500 38320
38600 43360
43690 47230
48580 51230
51700 53040
53040 54610
54610 57460
57910 61090
61380 64940
65400 66600
67110 76450
76900 82990
83120 88600
90030 93680
93680 95410
95960 100840
101150 105520
106009 107390
107390 111780
112130 114680
114680 117410
118050 124010
124550 131750
131750 138300
138590 143410
143840 146680
146680 152690
152910 154220
154220 156290
156630 163480
163800 166980
167370 170020
170880 174450
175030 178880
179370 183600
184430 185730
185770 188700
189000 192030
192260 194840
194840 197300
197370 201590
201950 207690
208040 210730
210730 212160
212730 215140
215530 220660
220670 223410
223710 226140
226520 232140
232630 234460
235160 236660
236829 237970
238470 241550
241630 247140
247400 251970
252340 260500
260709 264540
265490 268440
268480 273870
273870 275130
275130 278040
278040 278890
279530 280000
280920 283240
283240 288460
288520 299620
299940 303050
303120 304180
304240 318260
318730 321810
322040 328420
328420 329610
329860 334540
334740 337000
337000 343280
343390 346080
346080 349310
349820 357080
357220 360160
360160 364630
365580 369830
370380 372370
372370 376750
378440 383000
384340 392210
393150 399980
400330 405050
405820 414210
414510 417550
417720 418780
418840 424680
424900 429620
430170 439050
439360 444940
445160 449960
450490 457130
457130 457780
457820 460909
460909 464820
464990 470270
470460 473630
